0   0  1
1   0  99999
2   0  99999
3   0  99999
4   0  99999
5   0  99999
6   0  99999
7   0  99999
8   0  99999
9   0  99999
10   0  99999
11   0  99999
12   0  99999
13   0  99999
14   0  99999
15   0  99999
16   0  1
17   0  99999
18   0  99999
19   0  99999
20   0  1
21   0  99999
22   0  99999
23   0  99999
0   1  99999
1   1  1
2   1  99999
3   1  99999
4   1  99999
5   1  99999
6   1  99999
7   1  99999
8   1  99999
9   1  99999
10   1  99999
11   1  99999
12   1  99999
13   1  99999
14   1  99999
15   1  99999
16   1  1
17   1  99999
18   1  99999
19   1  99999
20   1  99999
21   1  1
22   1  99999
23   1  99999
0   2  99999
1   2  99999
2   2  1
3   2  99999
4   2  99999
5   2  99999
6   2  99999
7   2  99999
8   2  99999
9   2  99999
10   2  99999
11   2  99999
12   2  99999
13   2  99999
14   2  99999
15   2  99999
16   2  1
17   2  99999
18   2  99999
19   2  99999
20   2  99999
21   2  99999
22   2  1
23   2  99999
0   3  99999
1   3  99999
2   3  99999
3   3  1
4   3  99999
5   3  99999
6   3  99999
7   3  99999
8   3  99999
9   3  99999
10   3  99999
11   3  99999
12   3  99999
13   3  99999
14   3  99999
15   3  99999
16   3  1
17   3  99999
18   3  99999
19   3  99999
20   3  99999
21   3  99999
22   3  99999
23   3  1
0   4  99999
1   4  99999
2   4  99999
3   4  99999
4   4  1
5   4  99999
6   4  99999
7   4  99999
8   4  99999
9   4  99999
10   4  99999
11   4  99999
12   4  99999
13   4  99999
14   4  99999
15   4  99999
16   4  99999
17   4  1
18   4  99999
19   4  99999
20   4  1
21   4  99999
22   4  99999
23   4  99999
0   5  99999
1   5  99999
2   5  99999
3   5  99999
4   5  99999
5   5  1
6   5  99999
7   5  99999
8   5  99999
9   5  99999
10   5  99999
11   5  99999
12   5  99999
13   5  99999
14   5  99999
15   5  99999
16   5  99999
17   5  1
18   5  99999
19   5  99999
20   5  99999
21   5  1
22   5  99999
23   5  99999
0   6  99999
1   6  99999
2   6  99999
3   6  99999
4   6  99999
5   6  99999
6   6  1
7   6  99999
8   6  99999
9   6  99999
10   6  99999
11   6  99999
12   6  99999
13   6  99999
14   6  99999
15   6  99999
16   6  99999
17   6  1
18   6  99999
19   6  99999
20   6  99999
21   6  99999
22   6  1
23   6  99999
0   7  99999
1   7  99999
2   7  99999
3   7  99999
4   7  99999
5   7  99999
6   7  99999
7   7  1
8   7  99999
9   7  99999
10   7  99999
11   7  99999
12   7  99999
13   7  99999
14   7  99999
15   7  99999
16   7  99999
17   7  1
18   7  99999
19   7  99999
20   7  99999
21   7  99999
22   7  99999
23   7  1
0   8  99999
1   8  99999
2   8  99999
3   8  99999
4   8  99999
5   8  99999
6   8  99999
7   8  99999
8   8  1
9   8  99999
10   8  99999
11   8  99999
12   8  99999
13   8  99999
14   8  99999
15   8  99999
16   8  99999
17   8  99999
18   8  1
19   8  99999
20   8  1
21   8  99999
22   8  99999
23   8  99999
0   9  99999
1   9  99999
2   9  99999
3   9  99999
4   9  99999
5   9  99999
6   9  99999
7   9  99999
8   9  99999
9   9  1
10   9  99999
11   9  99999
12   9  99999
13   9  99999
14   9  99999
15   9  99999
16   9  99999
17   9  99999
18   9  1
19   9  99999
20   9  99999
21   9  1
22   9  99999
23   9  99999
0   10  99999
1   10  99999
2   10  99999
3   10  99999
4   10  99999
5   10  99999
6   10  99999
7   10  99999
8   10  99999
9   10  99999
10   10  1
11   10  99999
12   10  99999
13   10  99999
14   10  99999
15   10  99999
16   10  99999
17   10  99999
18   10  1
19   10  99999
20   10  99999
21   10  99999
22   10  1
23   10  99999
0   11  99999
1   11  99999
2   11  99999
3   11  99999
4   11  99999
5   11  99999
6   11  99999
7   11  99999
8   11  99999
9   11  99999
10   11  99999
11   11  1
12   11  99999
13   11  99999
14   11  99999
15   11  99999
16   11  99999
17   11  99999
18   11  1
19   11  99999
20   11  99999
21   11  99999
22   11  99999
23   11  1
0   12  99999
1   12  99999
2   12  99999
3   12  99999
4   12  99999
5   12  99999
6   12  99999
7   12  99999
8   12  99999
9   12  99999
10   12  99999
11   12  99999
12   12  1
13   12  99999
14   12  99999
15   12  99999
16   12  99999
17   12  99999
18   12  99999
19   12  1
20   12  1
21   12  99999
22   12  99999
23   12  99999
0   13  99999
1   13  99999
2   13  99999
3   13  99999
4   13  99999
5   13  99999
6   13  99999
7   13  99999
8   13  99999
9   13  99999
10   13  99999
11   13  99999
12   13  99999
13   13  1
14   13  99999
15   13  99999
16   13  99999
17   13  99999
18   13  99999
19   13  1
20   13  99999
21   13  1
22   13  99999
23   13  99999
0   14  99999
1   14  99999
2   14  99999
3   14  99999
4   14  99999
5   14  99999
6   14  99999
7   14  99999
8   14  99999
9   14  99999
10   14  99999
11   14  99999
12   14  99999
13   14  99999
14   14  1
15   14  99999
16   14  99999
17   14  99999
18   14  99999
19   14  1
20   14  99999
21   14  99999
22   14  1
23   14  99999
0   15  99999
1   15  99999
2   15  99999
3   15  99999
4   15  99999
5   15  99999
6   15  99999
7   15  99999
8   15  99999
9   15  99999
10   15  99999
11   15  99999
12   15  99999
13   15  99999
14   15  99999
15   15  1
16   15  99999
17   15  99999
18   15  99999
19   15  1
20   15  99999
21   15  99999
22   15  99999
23   15  1
0   16  1
1   16  1
2   16  1
3   16  1
4   16  99999
5   16  99999
6   16  99999
7   16  99999
8   16  99999
9   16  99999
10   16  99999
11   16  99999
12   16  99999
13   16  99999
14   16  99999
15   16  99999
16   16  1
17   16  99999
18   16  99999
19   16  99999
20   16  99999
21   16  99999
22   16  99999
23   16  99999
0   17  99999
1   17  99999
2   17  99999
3   17  99999
4   17  1
5   17  1
6   17  1
7   17  1
8   17  99999
9   17  99999
10   17  99999
11   17  99999
12   17  99999
13   17  99999
14   17  99999
15   17  99999
16   17  99999
17   17  1
18   17  99999
19   17  99999
20   17  99999
21   17  99999
22   17  99999
23   17  99999
0   18  99999
1   18  99999
2   18  99999
3   18  99999
4   18  99999
5   18  99999
6   18  99999
7   18  99999
8   18  1
9   18  1
10   18  1
11   18  1
12   18  99999
13   18  99999
14   18  99999
15   18  99999
16   18  99999
17   18  99999
18   18  1
19   18  99999
20   18  99999
21   18  99999
22   18  99999
23   18  99999
0   19  99999
1   19  99999
2   19  99999
3   19  99999
4   19  99999
5   19  99999
6   19  99999
7   19  99999
8   19  99999
9   19  99999
10   19  99999
11   19  99999
12   19  1
13   19  1
14   19  1
15   19  1
16   19  99999
17   19  99999
18   19  99999
19   19  1
20   19  99999
21   19  99999
22   19  99999
23   19  99999
0   20  1
1   20  99999
2   20  99999
3   20  99999
4   20  1
5   20  99999
6   20  99999
7   20  99999
8   20  1
9   20  99999
10   20  99999
11   20  99999
12   20  1
13   20  99999
14   20  99999
15   20  99999
16   20  99999
17   20  99999
18   20  99999
19   20  99999
20   20  1
21   20  99999
22   20  99999
23   20  99999
0   21  99999
1   21  1
2   21  99999
3   21  99999
4   21  99999
5   21  1
6   21  99999
7   21  99999
8   21  99999
9   21  1
10   21  99999
11   21  99999
12   21  99999
13   21  1
14   21  99999
15   21  99999
16   21  99999
17   21  99999
18   21  99999
19   21  99999
20   21  99999
21   21  1
22   21  99999
23   21  99999
0   22  99999
1   22  99999
2   22  1
3   22  99999
4   22  99999
5   22  99999
6   22  1
7   22  99999
8   22  99999
9   22  99999
10   22  1
11   22  99999
12   22  99999
13   22  99999
14   22  1
15   22  99999
16   22  99999
17   22  99999
18   22  99999
19   22  99999
20   22  99999
21   22  99999
22   22  1
23   22  99999
0   23  99999
1   23  99999
2   23  99999
3   23  1
4   23  99999
5   23  99999
6   23  99999
7   23  1
8   23  99999
9   23  99999
10   23  99999
11   23  1
12   23  99999
13   23  99999
14   23  99999
15   23  1
16   23  99999
17   23  99999
18   23  99999
19   23  99999
20   23  99999
21   23  99999
22   23  99999
23   23  1
